[img3.jpg]
moddate=060493363fb2cf01
width=600
height=399
text=1;131;6;Anjaan;AR BERKLEY;0.673714,0.738579,0.138927,0.000000;v1,4292057109,4289790009,128.000000,1.000000,0.250000,1.000000,400,2,49152;;
textactive=1
[img6.jpg]
moddate=af6d271841b2cf01
width=600
height=400
text=1;129;4;KICK;AR DESTINE;0.687212,0.017432,0.166690,6.283185;v1,4294113243,4283385815,128.000000,1.000000,0.149533,1.000000,400,2,49152;;
textactive=1
